199
1 95 52
2 263 21
3 401 26
4 480 31
5 761 42
6 846 45
7 940 33
8 68 112
9 145 110
10 352 99
11 400 92
12 444 91
13 530 96
14 613 70
15 690 63
16 780 97
17 930 125
18 35 141
19 105 150
20 189 128
21 279 159
22 412 170
23 476 132
24 583 130
25 630 141
26 694 97
27 700 130
28 737 123
29 848 140
30 986 150
31 59 172
32 154 191
33 232 174
34 359 188
35 431 210
36 459 208
37 503 166
38 609 174
39 656 164
40 723 187
41 753 177
42 934 185
43 14 210
44 112 229
45 186 239
46 240 221
47 300 203
48 376 240
49 484 243
50 539 212
51 632 208
52 684 197
53 732 226
54 768 214
55 856 217
56 967 229
57 60 255
58 137 256
59 160 275
60 202 269
61 262 282
62 298 273
63 383 301
64 433 291
65 479 281
66 507 275
67 576 258
68 649 255
69 703 243
70 767 262
71 848 260
72 913 261
73 47 290
74 79 321
75 127 309
76 188 304
77 218 337
78 276 326
79 313 319
80 396 338
81 468 350
82 495 332
83 557 312
84 617 282
85 650 298
86 713 310
87 778 317
88 800 329
89 843 315
90 886 312
91 961 302
92 23 353
93 27 380
94 87 363
95 120 357
96 260 387
97 294 376
98 330 364
99 378 363
100 446 378
101 507 358
102 596 326
103 652 319
104 713 343
105 868 353
106 924 366
107 976 372
108 857 416
109 309 434
110 370 393
111 387 415
112 407 402
113 468 413
114 526 395
115 589 368
116 714 408
117 793 435
118 714 456
119 951 459
120 24 513
121 60 512
122 111 507
123 233 495
124 302 477
125 426 444
126 555 418
127 634 441
128 756 573
129 786 465
130 411 483
131 441 465
132 523 448
133 600 503
134 668 480
135 814 487
136 932 531
137 203 537
138 326 514
139 405 517
140 525 501
141 630 514
142 713 525
143 782 517
144 38 600
145 69 597
146 119 591
147 161 578
148 202 572
149 250 564
150 296 552
151 315 574
152 348 538
153 371 567
154 456 545
155 478 587
156 534 587
157 579 590
158 656 560
159 664 661
160 807 582
161 885 581
162 976 580
163 112 612
164 160 611
165 263 626
166 352 602
167 429 616
168 460 637
169 531 630
170 575 620
171 869 732
172 729 631
173 837 657
174 924 626
175 967 662
176 16 662
177 63 652
178 138 641
179 223 655
180 275 663
181 327 651
182 347 662
183 402 635
184 502 670
185 556 701
186 617 695
187 687 698
188 791 688
189 64 718
190 108 746
191 177 697
192 180 756
193 316 697
194 329 714
195 368 713
196 428 680
197 439 719
198 657 754
199 806 767
